80
80
93
93
112
149
125
136
90
90
88
88
157
191
104
127
94
155
1399
87
83
87
83
119
143
147
307
87
87
149
103
116
198
88
86
86
88
89
89
84
84
94
94
83
83
167
131
134
198
308
148
185
152
123
187
94
91
97
80
80
82
82
217
193
184
142
144
158
156
155
208
87
90
90
164
180
117
210
116
198
107
116
198
101
81
81
81
132
144
91
91
85
85
88
88
116
104
113
101
119
107
1399
116
82
82
198
194
338
1399
1399
1399
1399
1399
98
98
126
114
84
141
84
141
1399
1399
87
87
115
103
1399
1399
1399
116
198
86
86
114
102
1399
1399
1399
1399
1399
1399
1399
1399
1399
1399
1399
1399
92
93
93
84
91
94
92
92
116
109
153
165
154
91
91
198
188
155
155
172
91
231
156
207
91
91
119
107
1399
1399
87
87
144
132
1399
1399
116
198
93
93
94
88
88
87
149
157
104
155
149
125
1399
1399
98
126
1399
1399
88
88
94
91
94
97
80
80
98
93
92
116
84
84
91
193
155
156
155
217
94
91
172
165
198
154
130
142
148
153
144
158
156
155
90
90
141
129
83
83
1399
1399
99
111
1399
1399
1399
116
198
92
92
93
93
121
109
204
348
1399
1399
88
87
149
157
1399
95
95
98
98
218
206
126
114
84
141
84
141
1399
1399
1399
1399
1399
93
1399
1399
154
1399
116
198
90
90
315
273
93
154
1399
1399
1399
93
92
84
91
94
91
154
156
155
172
153
165
83
83
88
88
83
83
84
84
86
86
86
86
273
228
152
183
150
257
188
163
179
167
94
93
154
155
101
101
208
368
1399
84
141
84
141
1399
