291
60
169
93
60
295
60
169
93
60
54
60
60
54
291
60
169
93
60
291
60
168
93
60
54
54
60
60
258
60
2185
54
4290
54
1514
3686
54
93
60
54
60
54
60
54
54
54
60
60
60
203
1017
60
60
308
259
60
60
259
60
247
93
60
345
93
60
201
1397
60
60
377
93
60
202
1014
60
60
258
466
258
60
60
60
259
292
60
60
137
308
93
60
115
54
229
93
60
74
60
54
717
60
2974
54
3716
54
74
60
54
474
60
74
74
60
54
717
60
60
755
54
54
717
60
118
224
60
60
699
54
85
60
307
60
259
60
259
60
2974
54
8020
54
93
60
2974
2974
54
54
2782
3716
54
54
989
54
118
118
241
492
241
60
60
60
60
60
668
78
54
60
60
85
699
54
78
54
60
60
60
54
4520
54
7114
54
10274
54
4943
54
9294
54
202
1400
60
60
1514
8026
54
93
60
74
74
60
60
54
54
713
60
722
60
2974
54
1695
54
474
60
216
93
2974
54
54
93
1625
60
54
74
74
60
60
54
54
474
60
719
60
755
54
118
224
306
60
60
60
833
54
85
93
60
60
755
54
118
224
60
60
2974
54
1269
54
475
60
699
54
85
60
756
54
118
60
668
54
224
85
60
60
85
54
200
225
60
60
89
60
3599
54
93
60
74
60
54
729
60
1315
54
78
54
60
60
355
60
60
54
352
54
357
60
270
54
312
165
60
60
162
164
60
60
284
93
60
189
93
60
189
93
60
149
60
189
93
60
767
788
4670
60
60
60
60
60
60
1514
2049
54
93
60
322
93
60
210
1343
1317
60
60
60
22393
54
3070
54
93
60
182
1345
1294
60
60
60
74
74
60
54
60
54
716
60
718
60
74
184
1342
3765
60
60
1553
93
60
60
60
54
716
60
1466
54
2781
54
2974
54
1233
54
475
474
60
60
2974
54
1235
54
74
60
54
474
60
1395
93
60
755
756
54
54
118
118
224
627
60
60
224
637
60
60
60
60
699
699
54
54
85
85
60
60
755
54
118
241
60
60
699
560
54
78
54
93
60
60
60
60
54
560
93
60
258
60
258
60
262
258
259
60
60
60
198
186
115
93
60
203
1018
60
60
259
60
185
74
60
132
239
93
60
60
133
93
60
54
60
717
60
1466
54
4434
54
844
54
118
241
60
60
699
78
54
60
60
382
93
60
365
516
60
60
60
54
315
93
60
607
93
60
54
60
54
60
307
60
259
60
1549
54
259
60
2878
54
6260
54
93
60
120
54
54
54
54
60
60
60
74
60
54
719
60
2974
54
1022
54
134
224
60
60
424
60
648
85
60
5894
54
2974
54
2974
54
2974
54
5402
54
201
1399
60
60
74
341
60
189
60
177
179
60
60
840
60
54
722
60
5894
54
2912
54
1635
54
403
93
60
2974
54
1022
54
134
224
60
60
180
60
680
85
60
838
54
74
60
54
718
60
2974
54
1021
54
134
241
60
60
672
60
78
54
60
60
258
60
137
54
93
60
198
1018
60
60
258
60
262
60
137
93
60
120
258
60
259
60
259
60
259
93
60
392
93
60
74
74
74
60
54
718
60
308
60
259
60
259
60
248
93
60
60
54
718
60
60
54
718
60
2974
54
455
54
478
60
791
54
118
224
379
60
60
60
2974
54
454
54
118
241
60
60
2974
54
455
54
118
241
60
60
343
54
85
60
347
60
78
54
60
60
347
60
78
54
60
60
3533
54
2838
54
201
1393
60
60
1446
1446
54
2897
54
74
74
74
74
60
54
721
60
60
60
1514
54
54
1378
54
721
60
60
54
1446
1446
54
721
60
721
60
74
2838
54
2154
54
74
74
2974
54
455
54
60
54
721
118
224
60
60
385
168
166
158
60
60
60
60
60
60
54
290
93
60
390
85
4791
54
60
4463
2974
54
54
585
54
118
224
60
60
8406
54
2101
54
2861
54
2838
54
338
2838
54
85
60
2838
54
9224
54
1446
497
54
2974
2974
54
54
456
455
54
54
281
74
60
118
241
166
118
60
60
60
241
164
60
60
60
60
54
2974
54
454
54
118
241
60
60
158
60
60
355
60
54
355
60
89
714
78
54
60
60
60
78
54
60
60
89
54
5929
54
2838
54
1601
54
3094
54
355
60
413
78
54
60
60
7014
54
1446
2974
13194
54
54
11970
54
89
454
54
2838
54
2838
54
118
241
60
60
5622
54
2838
54
2838
54
2838
54
2838
54
90
90
60
60
2838
54
1446
4230
54
5622
54
198
1018
258
60
60
258
2838
54
60
60
262
60
1446
4230
200
54
258
93
60
60
347
60
5622
122
54
78
54
60
60
259
60
259
60
16098
54
139
93
60
180
791
54
54
54
60
60
54
74
74
74
60
54
60
54
724
60
60
54
451
723
60
93
723
60
60
181
54
1185
54
78
54
60
60
158
158
60
60
158
60
157
158
60
60
166
158
157
60
54
60
60
60
355
60
165
158
158
60
60
60
395
60
352
2974
2974
54
54
54
1626
1624
54
54
357
308
60
60
259
259
74
60
60
118
224
60
60
118
241
444
60
60
60
1514
2974
54
35094
54
6975
54
1514
1514
54
28650
54
14745
54
60
699
699
255
54
54
85
78
54
60
60
93
60
60
729
60
60
270
54
54
4302
54
835
54
507
93
60
246
109
60
60
2974
54
1625
54
74
60
54
474
60
8814
54
10274
54
11734
54
3485
54
10484
54
93
60
755
54
550
1058
60
60
118
224
528
60
60
60
699
54
85
60
635
93
78
54
60
60
60
60
54
156
1267
60
60
216
524
60
60
152
60
89
54
196
93
60
333
124
159
979
54
93
74
60
60
60
60
54
724
60
293
124
54
93
60
2974
54
1467
54
134
224
60
60
720
85
1011
54
60
54
60
54
60
418
93
60
204
1515
156
1647
60
60
60
60
60
60
1359
54
74
800
60
443
93
60
60
54
721
60
54
60
2974
54
1467
54
134
241
60
60
720
78
54
60
60
78
54
965
54
10274
54
1500
54
13194
54
4434
54
5716
54
54
60
74
60
54
717
74
74
74
60
60
54
60
60
54
54
719
60
715
717
60
60
224
1350
1393
60
60
60
74
74
74
74
60
60
60
60
54
54
54
54
717
717
60
719
60
60
719
60
74
74
74
74
60
124
54
54
60
60
60
54
54
54
719
60
717
719
60
60
719
74
60
74
74
74
1514
54
2974
60
1514
54
54
54
229
54
2974
54
102
2974
2974
2974
2974
54
54
54
54
54
2974
54
277
276
126
125
125
126
54
54
54
54
54
54
5775
54
229
17185
54
54
180
3022
54
60
180
60
180
60
312
180
60
312
312
180
60
54
54
54
54
93
60
60
60
60
60
312
312
54
54
74
74
74
85
85
54
85
54
54
60
60
78
60
78
60
78
60
54
54
54
54
54
54
78
60
60
60
60
60
54
54
60
60
60
60
85
85
54
60
60
60
60
54
54
54
54
54
60
54
60
60
60
60
719
719
60
60
719
60
60
60
54
54
54
74
60
74
355
60
60
60
54
54
719
60
719
60
60
60
60
60
124
2974
2974
54
54
54
54
54
54
54
126
126
54
54
124
2974
60
352
2974
2974
54
54
54
54
54
54
126
126
54
54
124
2974
60
54
54
54
180
60
180
60
180
60
180
60
180
60
180
60
732
60
732
732
60
60
732
357
60
60
2974
60
54
54
2974
54
127
54
261
261
261
261
180
312
105
312
105
105
105
60
270
54
312
54
54
54
54
54
54
54
1494
54
4434
54
1434
54
1047
2974
2974
54
54
54
4334
4334
54
54
1047
1047
54
54
180
60
85
60
54
60
85
60
85
312
2974
54
54
85
60
60
4434
54
947
54
54
54
60
60
60
54
54
60
60
85
54
60
60
60
60
54
54
60
54
85
60
54
85
