34833
33440
51496
54351
53
53
53
53
60180
58791
48882
36692
53
53
53
53
34627
53
39119
58896
60804
57405
46360
53
53
53
53
48971
35586
53
53
47709
53
40388
34122
36627
44457
38490
60111
33037
46772
54624
50570
48762
57801
53
53
53
53
53
53
53
53
53
53
47950
59876
58143
42939
53461
56245
33684
53
53
53
53
53
53
53
53
53
5353
60734
44056
53
53
37152
53
41705
53

54821
53

5353
43829
54487
53
53
50825
53969
42205
60933
46457
58699
53
53
53
53
53
53
43128
53305
57129
43100
53
53
53
43128
47415
47415
43128
47415
50602
42660
53
53
42328
53
46787
53
43128
47415
58841
60270
53
53
39119
59470
56877
46060
53
45541
49112
53
53
59470
56877
56154
56154
59470
56877
56154
43128
56154
47415
59470
56877
45006
43031
52295
33694
47023
44342
54350
32866
48775
53
53
53
53
46161
53838
53
53
53
53
53
49030
53
53
53
34865
34600
53
53
56154
56154
40359
43449
53
53
59470
56877
43209
53
51475
45110
57510
51533
58627
38060
53
53
53
53
53
53
56154
43128
37523
53
47415
47816
60336
56618
41103
58353
59772
57546
49468
48219
51016
47832
42483
43798
40630
37994
36070
53
53
53
53
53
36484
50557
53
53
53
53
53
53
53
53
53
53
53
53
50150
40347
53
53
56830
39664
47816
53373
53
53
53373
47816
56154
42994
53
56463
57496
50827
57437
53
53
53
53
59476
53373
58313
46450
53
53
59476
41348
35688
38764
56163
53
53
53
53
58168
53
42385
53
55395
59470
56877
47574
55395
42932
59476
47816
53
47574
53943
53
37495
49669
53
53
41127
53
53373
55395
47574
59122
51875
43100
49083
42111
57507
53
53
53
53
53
53
36767
35286
53268
52150
36125
57619
48395
42791
53177
56382
48108
60234
53
53
53
53
53
53
53
53
53
53
42276
56850
53
53
42011
59231
53
53
59476
54140
53
51447
53
43128
