34106
443
443
34106
443
34106
443
443
34106
443
48254
80
80
48254
34106
443
443
34106
443
34106
443
443
34106
443
38614
38612
80
80
34106
443
443
34106
443
34106
443
443
34106
34106
443
38778
80
48256
80
46866
46852
46868
80
80
80
55890
55890
443
443
34106
34106
443
443
34106
443
443
34106
443
443
55890
443
55890
55890
443
443
443
55890
443
55890
55890
443
443
34106
34106
34106
443
443
443
34106
34106
443
443
443
443
34106
443
443
34106
443
55890
443
46806
443
46806
46806
443
443
46806
443
46806
51158
80
51158
51158
80
46808
46824
443
46808
46808
443
443
80
46824
51158
46824
443
46806
46806
443
443
443
46806
46806
443
34106
443
34106
443
34106
443
443
34106
443
34106
34106
443
443
443
46824
46808
443
443
46824
46808
443
46824
46824
46808
46824
46806
46808
443
443
443
443
443
443
46824
46824
443
443
443
443
46824
46808
46808
443
443
443
46808
443
46806
443
46806
443
46806
443
46806
443
46806
55890
55890
443
443
443
443
46806
46806
443
38754
38002
443
443
38002
38754
38754
443
38002
443
443
38754
443
38754
51158
80
443
443
443
38002
55890
55890
443
443
38002
51164
43802
443
80
43802
51164
51164
80
43802
443
80
51158
38754
38754
38754
443
443
443
443
38754
38754
38754
443
443
80
51164
38002
38002
443
443
443
43802
443
43802
51158
80
443
38002
38002
443
80
51158
43802
443
443
43802
43802
43802
443
443
443
43802
46806
46806
443
443
46806
443
443
46806
46806
443
46772
443
46772
46772
443
443
46772
46772
46772
443
443
38612
80
443
46772
80
38612
38614
80
80
38614
46806
46806
443
443
46806
46806
443
443
443
46806
443
443
46806
443
443
46806
443
46806
443
443
46806
443
46806
46806
46806
443
443
443
443
443
443
443
443
46806
46806
443
443
46806
443
46806
46806
46806
443
443
443
443
46806
443
46806
46806
443
46806
46806
46806
443
443
443
43040
49736
443
49736
443
43040
43040
443
49736
443
43056
46806
46806
443
443
443
46806
46806
443
443
443
43056
43056
443
443
49736
443
49736
443
43040
443
43040
51158
51164
80
80
443
43056
443
43056
35310
80
35310
35310
80
443
46806
443
80
80
51164
51158
49736
43040
49736
49736
443
443
43040
43040
443
443
443
443
443
443
49736
43040
43040
49736
443
443
80
35310
43056
43056
443
443
443
443
43056
43056
43056
49736
443
443
443
443
43056
443
43040
443
34106
443
34106
443
34106
34106
34106
443
443
443
443
443
443
34106
443
55890
55890
443
443
34106
443
46806
48434
443
443
46806
34106
443
443
443
46806
443
48434
443
48434
443
443
48434
443
48434
443
48434
48434
48434
443
443
443
48434
48434
443
443
443
46806
443
46806
46806
443
443
443
48434
443
55890
443
443
46806
443
38778
80
48256
80
34106
443
34106
443
443
34106
34106
443
443
34106
443
34106
34106
443
443
34106
46866
46852
46868
80
80
80
57084
443
57084
57084
443
443
57084
443
57084
57084
57084
443
443
57084
443
443
57084
443
443
57084
443
57084
443
57084
443
57084
443
57084
55890
55890
443
443
42224
57084
443
57084
443
57084
57084
443
443
443
443
42224
42224
443
443
57084
443
57084
443
57084
443
55890
443
443
42224
443
42224
42224
42224
443
443
57084
443
443
42224
443
443
57084
57086
443
57086
57086
443
443
57086
443
57086
57086
57086
443
443
443
443
57086
57086
443
443
34106
443
443
34106
34106
443
55890
55890
443
443
34106
443
34106
443
443
34106
443
443
34106
443
34106
443
34106
443
443
34106
443
443
55890
443
60466
60468
60478
443
60466
60466
443
34106
443
34106
443
34106
443
443
34106
443
443
60468
60468
443
443
60478
60478
443
443
60466
443
60466
48256
80
80
48256
60466
60466
60466
443
443
443
443
60468
443
60468
60468
60468
443
443
443
60478
443
60478
60478
60478
443
443
443
60466
60466
443
443
443
60468
60468
443
443
443
443
60478
60478
443
443
443
60466
443
60466
55890
55890
443
443
443
443
60466
443
60466
44794
44810
44826
44830
443
44810
44810
443
443
443
443
44830
44794
443
60466
44830
443
443
44826
443
443
60466
44794
443
44826
443
44832
443
60466
443
60466
44840
44856
443
44794
443
44794
443
44832
44832
44794
44794
443
443
44794
44794
44794
44794
443
443
443
443
443
443
44840
443
55890
443
443
44794
443
44794
443
443
443
44794
44832
443
44832
44832
44832
443
443
443
44794
443
44794
443
44794
443
44794
443
443
44794
44832
443
443
44794
443
44794
443
443
44794
443
443
44830
44810
443
443
44830
44810
60466
32804
443
44830
44830
44794
44810
443
443
443
44810
44794
443
443
443
443
44856
443
44826
443
44826
44826
44826
443
443
44794
443
443
443
443
32804
443
443
443
32804
44810
44810
443
443
443
44830
44830
443
443
443
44794
443
44794
443
44794
443
44794
443
44794
443
443
443
44826
44826
443
443
443
44794
443
443
443
32804
44794
443
44794
443
443
32804
443
44794
443
44794
32804
32804
443
443
443
44794
443
44794
443
44794
443
44794
443
44794
44794
60466
443
443
443
44794
443
443
44794
443
44794
55890
55890
34106
443
443
34106
443
44794
443
443
34106
443
443
443
443
44794
34106
34106
443
443
443
443
443
443
44794
32804
32804
443
443
34106
443
34106
443
443
44794
443
34106
443
443
443
34106
38612
38614
80
80
60466
45714
33700
33714
443
33700
443
45714
45714
443
443
33714
443
33700
443
55890
33714
443
443
443
45714
443
45714
45714
45714
443
443
44794
44794
443
443
44794
443
44794
44794
443
443
44794
44794
44794
443
45714
443
443
443
38612
80
44794
44794
44794
443
443
443
44832
443
80
443
443
38612
33714
33700
443
443
33714
33700
38614
34106
80
443
34106
34106
50828
443
443
33714
33714
443
443
33700
33700
33714
443
443
443
443
443
44794
443
44794
443
44794
443
443
44794
443
44794
443
44794
443
443
443
443
50828
34106
33714
33700
33700
443
443
34106
443
443
50828
443
443
80
33700
38614
443
44832
443
44832
443
33714
443
33714
33714
443
443
443
50828
443
50828
35314
80
35314
35314
80
443
33714
443
33714
443
33714
443
33714
443
33714
33714
443
80
35314
60466
60466
443
443
50828
50828
50828
443
443
443
443
50828
50828
443
443
50828
50828
50828
443
443
443
443
50828
46806
46806
443
443
46806
46806
443
443
33714
443
443
60466
443
33714
443
443
443
33714
33714
46806
46806
33494
443
443
443
443
33494
33494
443
443
443
46806
46806
443
443
33494
443
33494
33494
33494
443
443
443
33494
443
60466
443
51164
80
51158
80
443
33714
443
55890
55890
55890
33494
443
443
443
443
443
443
443
33494
33496
33494
443
443
55890
443
443
33496
33496
443
35310
80
443
33496
443
33496
33496
33496
443
443
443
33496
33496
443
443
443
33496
443
33494
443
33494
443
33494
443
33494
443
33494
443
33494
38778
80
47672
443
47672
47672
33662
47674
47680
443
443
33662
443
443
47680
47674
47680
443
47674
33662
443
443
46806
46806
46806
443
443
443
47688
47690
33672
33686
443
443
443
443
33686
33672
47690
47688
33686
33672
443
47690
443
443
47688
443
47706
47712
47716
33698
443
443
47706
47672
443
443
443
33698
47716
47712
47706
443
33698
47716
443
443
47712
46862
443
46866
46882
46888
443
33662
443
443
443
47672
47672
33662
443
33662
443
33686
443
443
443
443
443
33662
33672
47690
47688
47680
443
47674
443
443
443
443
443
443
33686
33672
47690
47688
47680
47674
443
46806
443
443
33698
46806
47672
443
33698
443
47680
443
47674
443
443
47690
443
443
443
47688
443
33698
33672
33686
33662
46806
443
443
443
443
443
443
443
47690
47688
47732
47748
47754
47672
47680
47672
47674
47680
47674
443
443
443
443
443
443
443
443
33698
33698
33686
33686
33672
33672
443
443
443
443
443
443
33662
33662
443
443
443
443
47690
47688
47688
443
443
443
443
47690
47754
47748
47732
47680
443
47672
443
443
443
443
47732
47748
443
443
47754
443
443
443
47690
47688
47674
47768
443
47770
38612
80
443
443
47770
47768
47768
443
47770
443
443
443
443
443
443
443
443
46888
46882
46866
46862
47716
47712
47706
443
443
47712
47706
443
443
443
80
443
443
47748
47716
47716
38612
47754
47732
443
443
47754
47732
443
443
443
47768
47748
47748
47712
443
47706
443
47716
443
47732
443
47748
443
47754
443
46862
443
46882
46866
443
443
46888
38614
443
80
443
443
47768
47768
443
47770
443
47770
443
443
443
443
47768
443
443
443
443
443
443
443
80
38614
443
47706
47712
47716
47748
47732
47754
47768
443
46888
443
46888
443
46888
443
443
443
46888
46882
46866
443
443
46882
46866
443
443
46882
46866
47770
443
47712
443
47712
443
47732
443
47716
443
443
47770
46862
47706
443
443
443
46862
443
46862
47716
47706
443
443
443
47712
47732
443
443
47748
47748
443
443
443
443
47716
47706
443
47748
47754
443
47754
47768
